CLUSTER	RUN	FREQ	TIME_START	TIME_END
0	1	200000	1517169333370406072	1517169348576344990
0	1	300000	1517169348594086990	1517169358684987575
0	1	400000	1517169358700139491	1517169366236933159
0	1	500000	1517169366250869451	1517169372291664701
0	1	600000	1517169372307496701	1517169377355872119
0	1	700000	1517169377371240785	1517169381704192077
0	1	800000	1517169381719009077	1517169385516115578
0	1	900000	1517169385530689536	1517169388892441078
0	1	1000000	1517169388906982495	1517169391953229120
0	1	1100000	1517169391967755412	1517169394739025662
0	1	1200000	1517169394753551871	1517169397303192954
0	1	1300000	1517169397317778496	1517169399681160038
0	1	1400000	1517169399695656871	1517169401898982830
0	1	1500000	1517169401913474955	1517169403973853538
0	2	200000	1517169403998297955	1517169419306996082
0	2	300000	1517169419324307249	1517169429434713041
0	2	400000	1517169429449674500	1517169437014856126
0	2	500000	1517169437028617626	1517169443067568168
0	2	600000	1517169443083162126	1517169448125801585
0	2	700000	1517169448140953710	1517169452477868586
0	2	800000	1517169452492581919	1517169456277736420
0	2	900000	1517169456292342753	1517169459659226253
0	2	1000000	1517169459673783087	1517169462722290295
0	2	1100000	1517169462736958962	1517169465512177504
0	2	1200000	1517169465526670129	1517169468076605713
0	2	1300000	1517169468091308504	1517169470448037338
0	2	1400000	1517169470462692046	1517169472651458505
0	2	1500000	1517169472666124422	1517169474717571797
0	3	200000	1517169474742373630	1517169490003338132
0	3	300000	1517169490020824632	1517169500125134925
0	3	400000	1517169500140032133	1517169507601463592
0	3	500000	1517169507615067717	1517169513466082135
0	3	600000	1517169513481664343	1517169518365271510
0	3	700000	1517169518380290010	1517169522708015303
0	3	800000	1517169522722797094	1517169526498692553
0	3	900000	1517169526513193553	1517169529853648928
0	3	1000000	1517169529868095762	1517169532815253179
0	3	1100000	1517169532829711054	1517169535593449054
0	3	1200000	1517169535607887512	1517169538157129263
0	3	1300000	1517169538171507554	1517169540519394180
0	3	1400000	1517169540533798013	1517169542723272888
0	3	1500000	1517169542737855180	1517169544789202597
0	4	200000	1517169544813682930	1517169560049804724
0	4	300000	1517169560067134765	1517169570128583933
0	4	400000	1517169570143478766	1517169577688418434
0	4	500000	1517169577702106976	1517169583747734018
0	4	600000	1517169583763331351	1517169588796673685
0	4	700000	1517169588811871685	1517169593126812769
0	4	800000	1517169593141594144	1517169596928806853
0	4	900000	1517169596943423353	1517169600310307437
0	4	1000000	1517169600324777770	1517169603356907520
0	4	1100000	1517169603371323270	1517169606141554854
0	4	1200000	1517169606156028312	1517169608700609938
0	4	1300000	1517169608715124104	1517169611068311271
0	4	1400000	1517169611082723480	1517169613275487105
0	4	1500000	1517169613289905855	1517169615338691647
0	5	200000	1517169615363100605	1517169630564309649
0	5	300000	1517169630581549274	1517169640653987108
0	5	400000	1517169640668882858	1517169648202816984
0	5	500000	1517169648216634776	1517169654229070818
0	5	600000	1517169654244587610	1517169659261727485
0	5	700000	1517169659276735527	1517169663600013444
0	5	800000	1517169663614824111	1517169667400246278
0	5	900000	1517169667414904070	1517169670787059487
0	5	1000000	1517169670801611570	1517169673836224946
0	5	1100000	1517169673850762946	1517169676634904571
0	5	1200000	1517169676649439654	1517169679197726821
0	5	1300000	1517169679212217780	1517169681566075405
0	5	1400000	1517169681580490738	1517169683767790113
0	5	1500000	1517169683782211780	1517169685832700197
4	1	200000	1517169686574886239	1517169694679094198
4	1	300000	1517169694740127656	1517169700089710115
4	1	400000	1517169700134240657	1517169704113844991
4	1	500000	1517169704149386324	1517169707364651033
4	1	600000	1517169707394533200	1517169710102078117
4	1	700000	1517169710127703075	1517169712330697367
4	1	800000	1517169712356331158	1517169714352563075
4	1	900000	1517169714376031117	1517169716112652992
4	1	1000000	1517169716134252492	1517169717698361076
4	1	1100000	1517169717718712951	1517169719168103909
4	1	1200000	1517169719187261076	1517169720536276868
4	1	1300000	1517169720554616034	1517169721807928410
4	1	1400000	1517169721825549118	1517169722943742785
4	1	1500000	1517169722960679493	1517169724049251785
4	2	200000	1517169724115632452	1517169732169021202
4	2	300000	1517169732230651244	1517169737565226495
4	2	400000	1517169737609910745	1517169741665276037
4	2	500000	1517169741700649829	1517169744985761662
4	2	600000	1517169745015699496	1517169747698094288
4	2	700000	1517169747723931579	1517169749967172163
4	2	800000	1517169749993092413	1517169751985364163
4	2	900000	1517169752008978163	1517169753809965330
4	2	1000000	1517169753831787955	1517169755463661372
4	2	1100000	1517169755484120830	1517169756925944205
4	2	1200000	1517169756945181039	1517169758283753664
4	2	1300000	1517169758302172872	1517169759492546081
4	2	1400000	1517169759510231497	1517169760698532248
4	2	1500000	1517169760715447581	1517169761866699248
4	3	200000	1517169761933588664	1517169769994017457
4	3	300000	1517169770055624540	1517169775406819874
4	3	400000	1517169775451565124	1517169779409828500
4	3	500000	1517169779445335166	1517169782617505875
4	3	600000	1517169782647186458	1517169785292695792
4	3	700000	1517169785318418500	1517169787562080376
4	3	800000	1517169787587685792	1517169789591497709
4	3	900000	1517169789614926334	1517169791434160543
4	3	1000000	1517169791455838918	1517169793019200751
4	3	1100000	1517169793039477960	1517169794474505543
4	3	1200000	1517169794493637918	1517169795839527960
4	3	1300000	1517169795857695752	1517169797052410252
4	3	1400000	1517169797070021127	1517169798177078544
4	3	1500000	1517169798194000460	1517169799224078377
4	4	200000	1517169799289720210	1517169807423630961
4	4	300000	1517169807484704878	1517169812880481212
4	4	400000	1517169812925129337	1517169816987349879
4	4	500000	1517169817022987754	1517169820085356796
4	4	600000	1517169820115096296	1517169822766308922
4	4	700000	1517169822792045088	1517169825014798880
4	4	800000	1517169825040468089	1517169826965325880
4	4	900000	1517169826988741672	1517169828745758089
4	4	1000000	1517169828767408214	1517169830326920381
4	4	1100000	1517169830347346256	1517169831816226631
4	4	1200000	1517169831835454381	1517169833231911923
4	4	1300000	1517169833250253340	1517169834525005965
4	4	1400000	1517169834542515131	1517169835673329048
4	4	1500000	1517169835690244298	1517169836782408840
4	5	200000	1517169836848755173	1517169844960341966
4	5	300000	1517169845021406049	1517169850225314675
4	5	400000	1517169850269670592	1517169854177178550
4	5	500000	1517169854212615009	1517169857419747884
4	5	600000	1517169857449646217	1517169860122902926
4	5	700000	1517169860148813218	1517169862386192010
4	5	800000	1517169862411880551	1517169864404748052
4	5	900000	1517169864428292218	1517169866143280427
4	5	1000000	1517169866165160510	1517169867747164677
4	5	1100000	1517169867767540427	1517169869225733719
4	5	1200000	1517169869244756302	1517169870542960344
4	5	1300000	1517169870561267052	1517169871766817052
4	5	1400000	1517169871784391969	1517169872898779844
4	5	1500000	1517169872915665969	1517169873986115219
