CLUSTER	RUN	FREQ	TIME_START	TIME_END
0	1	200000	1517267572898796366	1517267809800707186
0	1	300000	1517267809814057436	1517267966550984496
0	1	400000	1517267966562524163	1517268083756040677
0	1	500000	1517268083766742802	1517268177325170188
0	1	600000	1517268177337924480	1517268255218005531
0	1	700000	1517268255230331822	1517268321932238372
0	1	800000	1517268321944386497	1517268380273640629
0	1	900000	1517268380285605921	1517268432132653302
0	1	1000000	1517268432144447052	1517268478777530724
0	1	1100000	1517268478789400974	1517268521171784937
0	1	1200000	1517268521183750771	1517268560028673442
0	1	1300000	1517268560040469317	1517268595893141655
0	1	1400000	1517268595904896488	1517268629195468617
0	1	1500000	1517268629207364034	1517268660279092287
0	2	200000	1517268660297805662	1517268896945090816
0	2	300000	1517268896958319857	1517269053690592334
0	2	400000	1517269053702221959	1517269170891911390
0	2	500000	1517269170902514307	1517269264465951859
0	2	600000	1517269264478606401	1517269342358153285
0	2	700000	1517269342370598285	1517269409064141460
0	2	800000	1517269409076264710	1517269467401724300
0	2	900000	1517269467413711967	1517269519238555806
0	2	1000000	1517269519250434140	1517269565880028312
0	2	1100000	1517269565891898729	1517269608273401317
0	2	1200000	1517269608285142192	1517269647129007947
0	2	1300000	1517269647140834947	1517269682992787159
0	2	1400000	1517269683004602493	1517269716296760455
0	2	1500000	1517269716308482747	1517269747379802625
0	3	200000	1517269747398600750	1517269984169767362
0	3	300000	1517269984182995862	1517270140887345797
0	3	400000	1517270140898820214	1517270258047928561
0	3	500000	1517270258058595519	1517270351616710072
0	3	600000	1517270351629408864	1517270429506002082
0	3	700000	1517270429518366165	1517270496216598548
0	3	800000	1517270496228640631	1517270554555618221
0	3	900000	1517270554567560138	1517270606391172019
0	3	1000000	1517270606403002061	1517270653034539942
0	3	1100000	1517270653046454983	1517270695433354113
0	3	1200000	1517270695445179238	1517270734307915035
0	3	1300000	1517270734319832118	1517270770173414289
0	3	1400000	1517270770185177664	1517270803479458043
0	3	1500000	1517270803491305626	1517270834563881796
0	4	200000	1517270834582961796	1517271071285296283
0	4	300000	1517271071298744991	1517271228038458385
0	4	400000	1517271228050096760	1517271345211539899
0	4	500000	1517271345222113441	1517271438783426160
0	4	600000	1517271438796015202	1517271516703781711
0	4	700000	1517271516716189169	1517271583413026261
0	4	800000	1517271583425098719	1517271641754969268
0	4	900000	1517271641766928184	1517271693590419941
0	4	1000000	1517271693602284649	1517271740233606988
0	4	1100000	1517271740245392529	1517271782628815368
0	4	1200000	1517271782640592285	1517271821485072206
0	4	1300000	1517271821496905414	1517271857348413293
0	4	1400000	1517271857360287293	1517271890653882089
0	4	1500000	1517271890665715547	1517271921737319384
0	5	200000	1517271921756102676	1517272158504100704
0	5	300000	1517272158517574454	1517272315287582431
0	5	400000	1517272315299205890	1517272432477856820
0	5	500000	1517272432488588154	1517272526062586040
0	5	600000	1517272526075246915	1517272603949547049
0	5	700000	1517272603961947174	1517272670656818015
0	5	800000	1517272670668883265	1517272729001969397
0	5	900000	1517272729013919522	1517272780842389570
0	5	1000000	1517272780854313737	1517272827482416326
0	5	1100000	1517272827494247992	1517272869877487414
0	5	1200000	1517272869889333289	1517272908735135044
0	5	1300000	1517272908747029627	1517272944605784381
0	5	1400000	1517272944617621590	1517272977926697135
0	5	1500000	1517272977938571635	1517273009011689347
4	1	200000	1517273009732077347	1517273097283721358
4	1	300000	1517273097332279358	1517273155339329281
4	1	400000	1517273155374570698	1517273198748728620
4	1	500000	1517273198776739495	1517273233423913291
4	1	600000	1517273233447981249	1517273262287576961
4	1	700000	1517273262307994961	1517273287007225006
4	1	800000	1517273287027979547	1517273308628631883
4	1	900000	1517273308647449425	1517273327840005802
4	1	1000000	1517273327857705635	1517273345126481637
4	1	1100000	1517273345142874054	1517273360837716806
4	1	1200000	1517273360853195014	1517273375238863808
4	1	1300000	1517273375253673474	1517273388529795184
4	1	1400000	1517273388544040601	1517273400873024686
4	1	1500000	1517273400886649352	1517273412392631729
4	2	200000	1517273412445879437	1517273499992345864
4	2	300000	1517273500041031364	1517273558053296496
4	2	400000	1517273558088208454	1517273601462136293
4	2	500000	1517273601489969210	1517273636133951047
4	2	600000	1517273636157295089	1517273664995298884
4	2	700000	1517273665015602509	1517273689717189845
4	2	800000	1517273689737939220	1517273711338156681
4	2	900000	1517273711357123306	1517273730550288100
4	2	1000000	1517273730567821517	1517273747836997019
4	2	1100000	1517273747853445102	1517273763551987479
4	2	1200000	1517273763567478271	1517273777953010689
4	2	1300000	1517273777967759981	1517273791244783816
4	2	1400000	1517273791259063149	1517273803588383400
4	2	1500000	1517273803602129775	1517273815108874652
4	3	200000	1517273815162383402	1517273902688079037
4	3	300000	1517273902736763454	1517273960736012961
4	3	400000	1517273960771242502	1517274004146325049
4	3	500000	1517274004174418841	1517274038818193428
4	3	600000	1517274038841922887	1517274067680982099
4	3	700000	1517274067701307432	1517274092401100185
4	3	800000	1517274092421941560	1517274114023142687
4	3	900000	1517274114042193687	1517274133235868023
4	3	1000000	1517274133253561815	1517274150522840525
4	3	1100000	1517274150539273608	1517274166234465110
4	3	1200000	1517274166249909485	1517274180634664779
4	3	1300000	1517274180649430487	1517274193926215739
4	3	1400000	1517274193940444947	1517274206268866365
4	3	1500000	1517274206282495448	1517274217788930283
4	4	200000	1517274217842612283	1517274305383982877
4	4	300000	1517274305432221794	1517274363433306426
4	4	400000	1517274363468288926	1517274406841222764
4	4	500000	1517274406869364597	1517274441512123518
4	4	600000	1517274441535644601	1517274470374994522
4	4	700000	1517274470395396022	1517274495096714400
4	4	800000	1517274495117529316	1517274516718917235
4	4	900000	1517274516737927319	1517274535931979529
4	4	1000000	1517274535949757363	1517274553219876990
4	4	1100000	1517274553236228156	1517274568932703783
4	4	1200000	1517274568948257742	1517274583334577285
4	4	1300000	1517274583349531868	1517274596626603203
4	4	1400000	1517274596640801078	1517274608969580121
4	4	1500000	1517274608983236621	1517274620539024914
4	5	200000	1517274620592828831	1517274708131676467
4	5	300000	1517274708180082967	1517274766182689807
4	5	400000	1517274766217727099	1517274809594183062
4	5	500000	1517274809622196479	1517274844267694858
4	5	600000	1517274844291059608	1517274873131731528
4	5	700000	1517274873152074111	1517274897852575073
4	5	800000	1517274897873309781	1517274919475328992
4	5	900000	1517274919494585908	1517274938688472577
4	5	1000000	1517274938706189119	1517274955975735413
4	5	1100000	1517274955992333038	1517274971687501956
4	5	1200000	1517274971703052623	1517274986087969166
4	5	1300000	1517274986102780375	1517274999379521501
4	5	1400000	1517274999393822501	1517275011722651669
4	5	1500000	1517275011736363961	1517275023243360171
