1
1
1700000,1800000,1300000
1500000,1400000,1200000
1
2
1300000,900000,1000000,1000000,900000,700000
400000,900000,1000000,600000,700000,800000
2
1
2000000,500000,600000
700000,1400000,1500000
3
3
700000,1400000,1600000
300000,300000,300000
1
4
400000,300000,1700000
200000,1100000,400000
3
2
800000,1500000,500000
400000,900000,300000
4
2
1000000,1800000,900000
1100000,1400000,400000
2
4
1900000,200000,1800000
1500000,400000,300000
0
4
200000
500000
4
3
1200000,900000,1700000,1000000
600000,200000,1100000,1500000
1
3
600000,1000000,800000,600000,1600000,300000
200000,1500000,1400000,1100000,1500000,1100000
3
0
1800000
200000
2
2
600000,1600000,1300000,2000000
1300000,600000,700000,900000
4
4
1600000,1200000,1100000
1000000,1000000,300000
0
3
200000
400000
2
3
600000,1300000,1300000
700000,600000,1400000
