1
0
900000
1400000
2
0
600000,1100000
500000,1200000
3
0
1700000,1200000
300000,700000
4
0
300000
900000
0
1
1200000
1100000
1
1
1600000,200000
400000,900000
2
1
1700000
1200000
3
1
600000
600000
4
1
1400000
300000
0
2
700000,600000
200000,1200000
1
2
300000,1500000
300000,1000000
2
2
400000
800000
3
2
1200000
200000
4
2
900000,200000
800000,1300000
0
3
800000
900000
2
3
1600000,1400000
1000000,1300000
3
3
1300000,500000
200000,1200000
4
3
200000
200000
0
4
1700000
600000
2
4
1000000
400000
3
4
1100000
400000
4
4
700000
1100000
