2
1
1300000,500000,1800000,400000
600000,1100000,200000,500000
1
2
1800000,900000,500000,400000,900000,1100000
1000000,1100000,500000,1400000,400000,700000
2
2
1400000,600000,600000
1200000,200000,1000000
3
1
200000,1600000,800000,600000,500000
1500000,1000000,800000,200000,1300000
3
3
1800000,1600000,800000,500000,1500000,1700000
700000,1300000,1200000,1200000,1000000,1500000
3
4
200000
1400000
1
3
1300000,1800000,2000000
1400000,1400000,1000000
4
2
1800000,800000,1500000
1300000,300000,600000
1
4
200000,1000000,1400000
600000,500000,900000
2
4
700000,700000,1300000,1000000
700000,1500000,200000,1400000
0
4
200000
900000
4
1
1700000,300000,1800000
1400000,1500000,200000
1
1
1500000,300000,300000,1100000
1500000,500000,1500000,600000
2
3
1600000,1800000
1400000,400000
4
4
2000000
1400000
