1
2
300000,1600000,500000
400000,1000000,1000000
3
1
600000,1100000,200000,1300000,600000
700000,1100000,300000,1500000,900000
0
3
900000,200000,1200000,400000,900000,300000
1000000,600000,300000,700000,1200000,1500000
2
0
1200000,700000,1700000,1900000,1400000,600000
1300000,500000,200000,400000,1100000,200000
3
3
1500000,500000,1900000
200000,1300000,1000000
1
1
1800000,900000,200000,300000,1200000,1600000
400000,200000,1000000,800000,200000,700000
2
4
200000,1100000
700000,400000
4
0
400000,1600000,1100000
1000000,1200000,200000
0
2
700000,800000,1500000,1400000
1300000,200000,1300000,400000
3
4
1200000,600000,1700000,800000
500000,1100000,900000,1300000
2
3
1800000,1600000,1500000,1300000,500000
1100000,1400000,500000,900000,200000
4
2
200000,1000000,2000000,1800000
1400000,800000,500000,800000
1
4
400000,1800000,1600000,1100000,300000
200000,200000,200000,800000,600000
0
1
1300000,1000000,2000000
1100000,600000,300000
3
0
1800000,1400000,900000,200000
300000,700000,700000,400000
2
2
500000,1400000,200000,1000000,1200000,2000000
900000,600000,1500000,1200000,1500000,900000
4
4
700000,1000000,500000,1400000
1200000,1300000,600000,300000
1
0
1000000,400000,1700000
1500000,1400000,600000
3
2
1300000,700000,800000
200000,300000,500000
4
1
1600000,900000,300000,200000
400000,1400000,200000,1200000
0
4
1900000,1400000,200000
700000,1400000,1100000
2
1
1900000,700000
1300000,1000000
4
3
300000,1200000,200000,1700000
200000,1000000,700000,1400000
1
3
800000,600000,1900000
800000,400000,1500000
