1
3
1200000,900000,1700000,1300000,1800000,900000,1500000,700000
800000,600000,500000,1000000,1400000,1200000,1200000,800000
4
3
700000,1600000,800000,1100000,1700000,1000000
200000,1000000,800000,700000,200000,200000
4
4
200000
1500000
1
1
1800000,1700000
1200000,1400000
3
3
600000,1400000,1400000
500000,600000,1200000
0
4
200000
200000
4
1
1400000,1100000,1900000
800000,800000,200000
2
4
700000,700000
1300000,500000
2
3
1400000,1800000,200000,1900000
1000000,500000,1400000,900000
2
1
2000000,1000000
1200000,1200000
1
4
400000,1600000
700000,600000
3
1
1100000,600000,1800000
1500000,1100000,1200000
1
2
700000
600000
4
2
1600000
400000
2
2
1700000,1800000,1200000,1000000,600000
500000,500000,700000,500000,700000
3
2
600000,800000
900000,600000
3
4
1200000,1700000
1400000,1500000
