3
2
500000,500000
800000,1100000
0
2
200000
300000
1
1
300000,200000
300000,1500000
3
1
1400000,1700000,900000,800000,1900000,2000000
1400000,900000,300000,500000,1400000,1000000
2
4
300000,1600000,500000
1200000,500000,300000
4
1
600000,1000000
600000,900000
4
2
1600000,900000,500000
600000,1200000,500000
4
3
300000,300000
1400000,200000
2
1
1500000,1900000,500000,1100000,300000
800000,500000,300000,1200000,1100000
1
3
2000000,1800000,1500000,1700000
1200000,1000000,1400000,1300000
0
4
200000
1500000
3
3
400000,500000,200000
400000,1000000,1500000
3
4
1900000,1900000
900000,600000
1
4
1800000
1400000
4
0
900000
200000
